 -0.00000000e+00
 -1.26716249e-04
 -2.53303668e-04
 -3.79644557e-04
 -5.05642517e-04
 -6.31230784e-04
 -7.56378018e-04
 -8.81091042e-04
 -1.00541429e-03
 -1.12942601e-03
 -1.25323159e-03
 -1.37695451e-03
 -1.50072574e-03
 -1.62467251e-03
 -1.74890740e-03
 -1.87351867e-03
 -1.99856270e-03
 -2.12405918e-03
 -2.24998943e-03
 -2.37629805e-03
 -2.50289774e-03
 -2.62967681e-03
 -2.75650887e-03
 -2.88326374e-03
 -3.00981868e-03
 -3.13606899e-03
 -3.26193710e-03
 -3.38737928e-03
 -3.51238941e-03
 -3.63699961e-03
 -3.76127747e-03
 -3.88532030e-03
 -4.00924680e-03
 -4.13318685e-03
 -4.25727041e-03
 -4.38161632e-03
 -4.50632214e-03
 -4.63145577e-03
 -4.75704961e-03
 -4.88309786e-03
 -5.00955697e-03
 -5.13634948e-03
 -5.26337069e-03
 -5.39049770e-03
 -5.51760006e-03
 -5.64455100e-03
 -5.77123839e-03
 -5.89757446e-03
 -6.02350339e-03
 -6.14900617e-03
 -6.27410226e-03
 -6.39884802e-03
 -6.52333183e-03
 -6.64766660e-03
 -6.77198007e-03
 -6.89640382e-03
 -7.02106203e-03
 -7.14606078e-03
 -7.27147899e-03
 -7.39736160e-03
 -7.52371577e-03
 -7.65051027e-03
 -7.77767817e-03
 -7.90512267e-03
 -8.03272543e-03
 -8.16035682e-03
 -8.28788706e-03
 -8.41519750e-03
 -8.54219084e-03
 -8.66879958e-03
 -8.79499186e-03
 -8.92077428e-03
 -9.04619138e-03
 -9.17132185e-03
 -9.29627184e-03
 -9.42116583e-03
 -9.54613599e-03
 -9.67131082e-03
 -9.79680413e-03
 -9.92270527e-03
 -1.00490715e-02
 -1.01759229e-02
 -1.03032410e-02
 -1.04309701e-02
 -1.05590220e-02
 -1.06872842e-02
 -1.08156288e-02
 -1.09439242e-02
 -1.10720461e-02
 -1.11998884e-02
 -1.13273724e-02
 -1.14544536e-02
 -1.15811254e-02
 -1.17074201e-02
 -1.18334061e-02
 -1.19591816e-02
 -1.20848670e-02
 -1.22105937e-02
 -1.23364937e-02
 -1.24626876e-02
 -1.25892746e-02
 -1.27163238e-02
 -1.28438685e-02
 -1.29719029e-02
 -1.31003834e-02
 -1.32292313e-02
 -1.33583406e-02
 -1.34875867e-02
 -1.36168368e-02
 -1.37459622e-02
 -1.38748488e-02
 -1.40034072e-02
 -1.41315802e-02
 -1.42593484e-02
 -1.43867312e-02
 -1.45137857e-02
 -1.46406018e-02
 -1.47672942e-02
 -1.48939929e-02
 -1.50208321e-02
 -1.51479383e-02
 -1.52754198e-02
 -1.54033574e-02
 -1.55317971e-02
 -1.56607465e-02
 -1.57901742e-02
 -1.59200122e-02
 -1.60501618e-02
 -1.61805026e-02
 -1.63109022e-02
 -1.64412282e-02
 -1.65713593e-02
 -1.67011959e-02
 -1.68306689e-02
 -1.69597455e-02
 -1.70884321e-02
 -1.72167740e-02
 -1.73448514e-02
 -1.74727728e-02
 -1.76006654e-02
 -1.77286645e-02
 -1.78569017e-02
 -1.79854936e-02
 -1.81145321e-02
 -1.82440759e-02
 -1.83741462e-02
 -1.85047241e-02
 -1.86357530e-02
 -1.87671429e-02
 -1.88987784e-02
 -1.90305286e-02
 -1.91622585e-02
 -1.92938406e-02
 -1.94251658e-02
 -1.95561531e-02
 -1.96867566e-02
 -1.98169694e-02
 -1.99468244e-02
 -2.00763913e-02
 -2.02057712e-02
 -2.03350875e-02
 -2.04644754e-02
 -2.05940706e-02
 -2.07239973e-02
 -2.08543579e-02
 -2.09852236e-02
 -2.11166291e-02
 -2.12485689e-02
 -2.13809981e-02
 -2.15138364e-02
 -2.16469747e-02
 -2.17802845e-02
 -2.19136295e-02
 -2.20468767e-02
 -2.21799084e-02
 -2.23126323e-02
 -2.24449893e-02
 -2.25769589e-02
 -2.27085610e-02
 -2.28398543e-02
 -2.29709313e-02
 -2.31019103e-02
 -2.32329257e-02
 -2.33641159e-02
 -2.34956119e-02
 -2.36275259e-02
 -2.37599415e-02
 -2.38929069e-02
 -2.40264302e-02
 -2.41604792e-02
 -2.42949839e-02
 -2.44298425e-02
 -2.45649305e-02
 -2.47001111e-02
 -2.48352470e-02
 -2.49702127e-02
 -2.51049047e-02
 -2.52392512e-02
 -2.53732180e-02
 -2.55068115e-02
 -2.56400783e-02
 -2.57731016e-02
 -2.59059935e-02
 -2.60388862e-02
 -2.61719199e-02
 -2.63052315e-02
 -2.64389422e-02
 -2.65731477e-02
 -2.67079096e-02
 -2.68432499e-02
 -2.69791497e-02
 -2.71155503e-02
 -2.72523585e-02
 -2.73894545e-02
 -2.75267024e-02
 -2.76639616e-02
 -2.78010995e-02
 -2.79380025e-02
 -2.80745860e-02
 -2.82108018e-02
 -2.83466426e-02
 -2.84821423e-02
 -2.86173736e-02
 -2.87524414e-02
 -2.88874743e-02
 -2.90226135e-02
 -2.91580004e-02
 -2.92937650e-02
 -2.94300142e-02
 -2.95668229e-02
 -2.97042276e-02
 -2.98422229e-02
 -2.99807625e-02
 -3.01197627e-02
 -3.02591097e-02
 -3.03986696e-02
 -3.05382998e-02
 -3.06778614e-02
 -3.08172311e-02
 -3.09563121e-02
 -3.10950424e-02
 -3.12334003e-02
 -3.13714063e-02
 -3.15091217e-02
 -3.16466431e-02
 -3.17840945e-02
 -3.19216165e-02
 -3.20593543e-02
 -3.21974456e-02
 -3.23360082e-02
 -3.24751301e-02
 -3.26148623e-02
 -3.27552137e-02
 -3.28961510e-02
 -3.30376010e-02
 -3.31794573e-02
 -3.33215893e-02
 -3.34638532e-02
 -3.36061050e-02
 -3.37482126e-02
 -3.38900672e-02
 -3.40315930e-02
 -3.41727537e-02
 -3.43135558e-02
 -3.44540481e-02
 -3.45943179e-02
 -3.47344833e-02
 -3.48746832e-02
 -3.50150655e-02
 -3.51557745e-02
 -3.52969384e-02
 -3.54386582e-02
 -3.55809993e-02
 -3.57239855e-02
 -3.58675972e-02
 -3.60117729e-02
 -3.61564145e-02
 -3.63013961e-02
 -3.64465741e-02
 -3.65918004e-02
 -3.67369347e-02
 -3.68818568e-02
 -3.70264772e-02
 -3.71707448e-02
 -3.73146515e-02
 -3.74582328e-02
 -3.76015654e-02
 -3.77447603e-02
 -3.78879534e-02
 -3.80312943e-02
 -3.81749329e-02
 -3.83190070e-02
 -3.84636304e-02
 -3.86088827e-02
 -3.87548032e-02
 -3.89013867e-02
 -3.90485844e-02
 -3.91963080e-02
 -3.93444372e-02
 -3.94928300e-02
 -3.96413353e-02
 -3.97898055e-02
 -3.99381097e-02
 -4.00861448e-02
 -4.02338447e-02
 -4.03811860e-02
 -4.05281904e-02
 -4.06749227e-02
 -4.08214854e-02
 -4.09680105e-02
 -4.11146476e-02
 -4.12615514e-02
 -4.14088685e-02
 -4.15567250e-02
 -4.17052150e-02
 -4.18543932e-02
 -4.20042698e-02
 -4.21548096e-02
 -4.23059353e-02
 -4.24575335e-02
 -4.26094653e-02
 -4.27615775e-02
 -4.29137165e-02
 -4.30657410e-02
 -4.32175349e-02
 -4.33690170e-02
 -4.35201480e-02
 -4.36709349e-02
 -4.38214294e-02
 -4.39717247e-02
 -4.41219469e-02
 -4.42722447e-02
 -4.44227765e-02
 -4.45736970e-02
 -4.47251436e-02
 -4.48772251e-02
 -4.50300119e-02
 -4.51835301e-02
 -4.53377594e-02
 -4.54926342e-02
 -4.56480500e-02
 -4.58038718e-02
 -4.59599461e-02
 -4.61161139e-02
 -4.62722246e-02
 -4.64281492e-02
 -4.65837913e-02
 -4.67390957e-02
 -4.68940534e-02
 -4.70487024e-02
 -4.72031249e-02
 -4.73574400e-02
 -4.75117940e-02
 -4.76663477e-02
 -4.78212629e-02
 -4.79766882e-02
 -4.81327465e-02
 -4.82895243e-02
 -4.84470642e-02
 -4.86053614e-02
 -4.87643638e-02
 -4.89239768e-02
 -4.90840710e-02
 -4.92444936e-02
 -4.94050816e-02
 -4.95656759e-02
 -4.97261351e-02
 -4.98863476e-02
 -5.00462418e-02
 -5.02057922e-02
 -5.03650218e-02
 -5.05240005e-02
 -5.06828391e-02
 -5.08416801e-02
 -5.10006854e-02
 -5.11600229e-02
 -5.13198515e-02
 -5.14803080e-02
 -5.16414952e-02
 -5.18034728e-02
 -5.19662525e-02
 -5.21297969e-02
 -5.22940226e-02
 -5.24588072e-02
 -5.26240005e-02
 -5.27894363e-02
 -5.29549481e-02
 -5.31203826e-02
 -5.32856132e-02
 -5.34505516e-02
 -5.36151551e-02
 -5.37794305e-02
 -5.39434342e-02
 -5.41072671e-02
 -5.42710665e-02
 -5.44349941e-02
 -5.45992225e-02
 -5.47639205e-02
 -5.49292383e-02
 -5.50952949e-02
 -5.52621678e-02
 -5.54298861e-02
 -5.55984283e-02
 -5.57677236e-02
 -5.59376585e-02
 -5.61080862e-02
 -5.62788394e-02
 -5.64497448e-02
 -5.66206379e-02
 -5.67913776e-02
 -5.69618583e-02
 -5.71320195e-02
 -5.73018510e-02
 -5.74713941e-02
 -5.76407385e-02
 -5.78100145e-02
 -5.79793822e-02
 -5.81490180e-02
 -5.83190992e-02
 -5.84897892e-02
 -5.86612233e-02
 -5.88334971e-02
 -5.90066580e-02
 -5.91807016e-02
 -5.93555714e-02
 -5.95311643e-02
 -5.97073387e-02
 -5.98839272e-02
 -6.00607512e-02
 -6.02376357e-02
 -6.04144252e-02
 -6.05909971e-02
 -6.07672722e-02
 -6.09432222e-02
 -6.11188721e-02
 -6.12942985e-02
 -6.14696234e-02
 -6.16450037e-02
 -6.18206180e-02
 -6.19966516e-02
 -6.21732802e-02
 -6.23506553e-02
 -6.25288911e-02
 -6.27080542e-02
 -6.28881585e-02
 -6.30691635e-02
 -6.32509778e-02
 -6.34334670e-02
 -6.36164652e-02
 -6.37997896e-02
 -6.39832557e-02
 -6.41666942e-02
 -6.43499648e-02
 -6.45329696e-02
 -6.47156609e-02
 -6.48980461e-02
 -6.50801872e-02
 -6.52621961e-02
 -6.54442247e-02
 -6.56264527e-02
 -6.58090718e-02
 -6.59922697e-02
 -6.61762139e-02
 -6.63610373e-02
 -6.65468268e-02
 -6.67336159e-02
 -6.69213813e-02
 -6.71100456e-02
 -6.72994830e-02
 -6.74895311e-02
 -6.76800039e-02
 -6.78707088e-02
 -6.80614628e-02
 -6.82521086e-02
 -6.84425284e-02
 -6.86326544e-02
 -6.88224748e-02
 -6.90120356e-02
 -6.92014365e-02
 -6.93908229e-02
 -6.95803738e-02
 -6.97702863e-02
 -6.99607592e-02
 -7.01519756e-02
 -7.03440877e-02
 -7.05372033e-02
 -7.07313766e-02
 -7.09266037e-02
 -7.11228224e-02
 -7.13199180e-02
 -7.15177328e-02
 -7.17160799e-02
 -7.19147591e-02
 -7.21135748e-02
 -7.23123522e-02
 -7.25109538e-02
 -7.27092903e-02
 -7.29073295e-02
 -7.31050995e-02
 -7.33026860e-02
 -7.35002259e-02
 -7.36978959e-02
 -7.38958970e-02
 -7.40944382e-02
 -7.42937182e-02
 -7.44939083e-02
 -7.46951380e-02
 -7.48974839e-02
 -7.51009627e-02
 -7.53055298e-02
 -7.55110832e-02
 -7.57174723e-02
 -7.59245105e-02
 -7.61319918e-02
 -7.63397084e-02
 -7.65474687e-02
 -7.67551144e-02
 -7.69625343e-02
 -7.71696742e-02
 -7.73765422e-02
 -7.75832083e-02
 -7.77897989e-02
 -7.79964863e-02
 -7.82034742e-02
 -7.84109805e-02
 -7.86192189e-02
 -7.88283803e-02
 -7.90386166e-02
 -7.92500279e-02
 -7.94626534e-02
 -7.96764682e-02
 -7.98913852e-02
 -8.01072629e-02
 -8.03239172e-02
 -8.05411374e-02
 -8.07587046e-02
 -8.09764106e-02
 -8.11940763e-02
 -8.14115672e-02
 -8.16288057e-02
 -8.18457782e-02
 -8.20625368e-02
 -8.22791951e-02
 -8.24959191e-02
 -8.27129135e-02
 -8.29304040e-02
 -8.31486186e-02
 -8.33677677e-02
 -8.35880267e-02
 -8.38095203e-02
 -8.40323122e-02
 -8.42563992e-02
 -8.44817117e-02
 -8.47081195e-02
 -8.49354430e-02
 -8.51634686e-02
 -8.53919674e-02
 -8.56207149e-02
 -8.58495109e-02
 -8.60781968e-02
 -8.63066701e-02
 -8.65348936e-02
 -8.67628988e-02
 -8.69907846e-02
 -8.72187084e-02
 -8.74468738e-02
 -8.76755132e-02
 -8.79048680e-02
 -8.81351684e-02
 -8.83666136e-02
 -8.85993546e-02
 -8.88334812e-02
 -8.90690147e-02
 -8.93059053e-02
 -8.95440367e-02
 -8.97832360e-02
 -9.00232887e-02
 -9.02639571e-02
 -9.05050010e-02
 -9.07461990e-02
 -9.09873675e-02
 -9.12283774e-02
 -9.14691656e-02
 -9.17097412e-02
 -9.19501852e-02
 -9.21906444e-02
 -9.24313192e-02
 -9.26724468e-02
 -9.29142816e-02
 -9.31570731e-02
 -9.34010452e-02
 -9.36463765e-02
 -9.38931854e-02
 -9.41415197e-02
 -9.43913524e-02
 -9.46425839e-02
 -9.48950506e-02
 -9.51485392e-02
 -9.54028046e-02
 -9.56575919e-02
 -9.59126582e-02
 -9.61677940e-02
 -9.64228420e-02
 -9.66777111e-02
 -9.69323851e-02
 -9.71869247e-02
 -9.74414631e-02
 -9.76961953e-02
 -9.79513617e-02
 -9.82072285e-02
 -9.84640644e-02
 -9.87221186e-02
 -9.89815990e-02
 -9.92426545e-02
 -9.95053624e-02
 -9.97697214e-02
 -1.00035652e-01
 -1.00303002e-01
 -1.00571563e-01
 -1.00841083e-01
 -1.01111294e-01
 -1.01381931e-01
 -1.01652759e-01
 -1.01923589e-01
 -1.02194301e-01
 -1.02464851e-01
 -1.02735275e-01
 -1.03005690e-01
 -1.03276283e-01
 -1.03547297e-01
 -1.03819007e-01
 -1.04091701e-01
 -1.04365654e-01
 -1.04641106e-01
 -1.04918237e-01
 -1.05197159e-01
 -1.05477898e-01
 -1.05760398e-01
 -1.06044523e-01
 -1.06330070e-01
 -1.06616785e-01
 -1.06904386e-01
 -1.07192588e-01
 -1.07481126e-01
 -1.07769782e-01
 -1.08058402e-01
 -1.08346909e-01
 -1.08635315e-01
 -1.08923717e-01
 -1.09212290e-01
 -1.09501275e-01
 -1.09790958e-01
 -1.10081645e-01
 -1.10373638e-01
 -1.10667208e-01
 -1.10962572e-01
 -1.11259877e-01
 -1.11559182e-01
 -1.11860460e-01
 -1.12163592e-01
 -1.12468385e-01
 -1.12774584e-01
 -1.13081897e-01
 -1.13390015e-01
 -1.13698648e-01
 -1.14007542e-01
 -1.14316509e-01
 -1.14625436e-01
 -1.14934306e-01
 -1.15243191e-01
 -1.15552253e-01
 -1.15861729e-01
 -1.16171912e-01
 -1.16483126e-01
 -1.16795700e-01
 -1.17109941e-01
 -1.17426103e-01
 -1.17744373e-01
 -1.18064848e-01
 -1.18387530e-01
 -1.18712327e-01
 -1.19039057e-01
 -1.19367467e-01
 -1.19697256e-01
 -1.20028095e-01
 -1.20359664e-01
 -1.20691674e-01
 -1.21023896e-01
 -1.21356183e-01
 -1.21688480e-01
 -1.22020832e-01
 -1.22353384e-01
 -1.22686366e-01
 -1.23020075e-01
 -1.23354854e-01
 -1.23691060e-01
 -1.24029034e-01
 -1.24369075e-01
 -1.24711412e-01
 -1.25056184e-01
 -1.25403431e-01
 -1.25753089e-01
 -1.26104994e-01
 -1.26458897e-01
 -1.26814490e-01
 -1.27171426e-01
 -1.27529352e-01
 -1.27887945e-01
 -1.28246932e-01
 -1.28606122e-01
 -1.28965423e-01
 -1.29324847e-01
 -1.29684516e-01
 -1.30044650e-01
 -1.30405550e-01
 -1.30767575e-01
 -1.31131110e-01
 -1.31496535e-01
 -1.31864195e-01
 -1.32234367e-01
 -1.32607240e-01
 -1.32982894e-01
 -1.33361301e-01
 -1.33742319e-01
 -1.34125711e-01
 -1.34511161e-01
 -1.34898304e-01
 -1.35286759e-01
 -1.35676160e-01
 -1.36066190e-01
 -1.36456612e-01
 -1.36847286e-01
 -1.37238188e-01
 -1.37629412e-01
 -1.38021163e-01
 -1.38413744e-01
 -1.38807528e-01
 -1.39202930e-01
 -1.39600373e-01
 -1.40000250e-01
 -1.40402892e-01
 -1.40808544e-01
 -1.41217338e-01
 -1.41629283e-01
 -1.42044271e-01
 -1.42462076e-01
 -1.42882382e-01
 -1.43304808e-01
 -1.43728941e-01
 -1.44154373e-01
 -1.44580736e-01
 -1.45007741e-01
 -1.45435197e-01
 -1.45863036e-01
 -1.46291318e-01
 -1.46720230e-01
 -1.47150070e-01
 -1.47581226e-01
 -1.48014145e-01
 -1.48449292e-01
 -1.48887116e-01
 -1.49328013e-01
 -1.49772287e-01
 -1.50220129e-01
 -1.50671601e-01
 -1.51126630e-01
 -1.51585012e-01
 -1.52046434e-01
 -1.52510501e-01
 -1.52976767e-01
 -1.53444779e-01
 -1.53914117e-01
 -1.54384430e-01
 -1.54855470e-01
 -1.55327116e-01
 -1.55799389e-01
 -1.56272449e-01
 -1.56746589e-01
 -1.57222209e-01
 -1.57699787e-01
 -1.58179837e-01
 -1.58662872e-01
 -1.59149355e-01
 -1.59639664e-01
 -1.60134063e-01
 -1.60632672e-01
 -1.61135465e-01
 -1.61642269e-01
 -1.62152780e-01
 -1.62666590e-01
 -1.63183224e-01
 -1.63702180e-01
 -1.64222977e-01
 -1.64745199e-01
 -1.65268530e-01
 -1.65792788e-01
 -1.66317944e-01
 -1.66844127e-01
 -1.67371618e-01
 -1.67900828e-01
 -1.68432269e-01
 -1.68966509e-01
 -1.69504129e-01
 -1.70045676e-01
 -1.70591614e-01
 -1.71142288e-01
 -1.71697897e-01
 -1.72258473e-01
 -1.72823885e-01
 -1.73393846e-01
 -1.73967941e-01
 -1.74545663e-01
 -1.75126461e-01
 -1.75709787e-01
 -1.76295149e-01
 -1.76882154e-01
 -1.77470547e-01
 -1.78060241e-01
 -1.78651323e-01
 -1.79244058e-01
 -1.79838865e-01
 -1.80436291e-01
 -1.81036966e-01
 -1.81641551e-01
 -1.82250690e-01
 -1.82864950e-01
 -1.83484780e-01
 -1.84110472e-01
 -1.84742137e-01
 -1.85379698e-01
 -1.86022897e-01
 -1.86671320e-01
 -1.87324431e-01
 -1.87981626e-01
 -1.88642283e-01
 -1.89305824e-01
 -1.89971765e-01
 -1.90639766e-01
 -1.91309667e-01
 -1.91981504e-01
 -1.92655517e-01
 -1.93332134e-01
 -1.94011940e-01
 -1.94695635e-01
 -1.95383978e-01
 -1.96077727e-01
 -1.96777578e-01
 -1.97484108e-01
 -1.98197729e-01
 -1.98918656e-01
 -1.99646888e-01
 -2.00382214e-01
 -2.01124228e-01
 -2.01872374e-01
 -2.02625989e-01
 -2.03384374e-01
 -2.04146848e-01
 -2.04912823e-01
 -2.05681857e-01
 -2.06453699e-01
 -2.07228322e-01
 -2.08005934e-01
 -2.08786969e-01
 -2.09572057e-01
 -2.10361984e-01
 -2.11157625e-01
 -2.11959886e-01
 -2.12769622e-01
 -2.13587579e-01
 -2.14414326e-01
 -2.15250218e-01
 -2.16095365e-01
 -2.16949625e-01
 -2.17812624e-01
 -2.18683791e-01
 -2.19562410e-01
 -2.20447691e-01
 -2.21338841e-01
 -2.22235146e-01
 -2.23136040e-01
 -2.24041166e-01
 -2.24950414e-01
 -2.25863954e-01
 -2.26782225e-01
 -2.27705914e-01
 -2.28635916e-01
 -2.29573259e-01
 -2.30519037e-01
 -2.31474323e-01
 -2.32440086e-01
 -2.33417115e-01
 -2.34405962e-01
 -2.35406899e-01
 -2.36419903e-01
 -2.37444661e-01
 -2.38480609e-01
 -2.39526984e-01
 -2.40582902e-01
 -2.41647445e-01
 -2.42719752e-01
 -2.43799109e-01
 -2.44885025e-01
 -2.45977297e-01
 -2.47076045e-01
 -2.48181722e-01
 -2.49295097e-01
 -2.50417212e-01
 -2.51549312e-01
 -2.52692754e-01
 -2.53848917e-01
 -2.55019092e-01
 -2.56204392e-01
 -2.57405667e-01
 -2.58623448e-01
 -2.59857909e-01
 -2.61108868e-01
 -2.62375815e-01
 -2.63657968e-01
 -2.64954362e-01
 -2.66263945e-01
 -2.67585691e-01
 -2.68918717e-01
 -2.70262381e-01
 -2.71616372e-01
 -2.72980766e-01
 -2.74356061e-01
 -2.75743160e-01
 -2.77143342e-01
 -2.78558179e-01
 -2.79989445e-01
 -2.81438989e-01
 -2.82908617e-01
 -2.84399964e-01
 -2.85914380e-01
 -2.87452846e-01
 -2.89015911e-01
 -2.90603677e-01
 -2.92215812e-01
 -2.93851611e-01
 -2.95510088e-01
 -2.97190095e-01
 -2.98890464e-01
 -3.00610151e-01
 -3.02348378e-01
 -3.04104757e-01
 -3.05879385e-01
 -3.07672902e-01
 -3.09486507e-01
 -3.11321926e-01
 -3.13181338e-01
 -3.15067262e-01
 -3.16982417e-01
 -3.18929555e-01
 -3.20911297e-01
 -3.22929978e-01
 -3.24987508e-01
 -3.27085277e-01
 -3.29224100e-01
 -3.31404214e-01
 -3.33625331e-01
 -3.35886740e-01
 -3.38187450e-01
 -3.40526372e-01
 -3.42902521e-01
 -3.45315210e-01
 -3.47764250e-01
 -3.50250102e-01
 -3.52773995e-01
 -3.55337990e-01
 -3.57944981e-01
 -3.60598632e-01
 -3.63303252e-01
 -3.66063632e-01
 -3.68884827e-01
 -3.71771932e-01
 -3.74729852e-01
 -3.77763087e-01
 -3.80875567e-01
 -3.84070531e-01
 -3.87350482e-01
 -3.90717223e-01
 -3.94171963e-01
 -3.97715506e-01
 -4.01348506e-01
 -4.05071767e-01
 -4.08886577e-01
 -4.12795049e-01
 -4.16800438e-01
 -4.20907428e-01
 -4.25122346e-01
 -4.29453306e-01
 -4.33910265e-01
 -4.38504989e-01
 -4.43250936e-01
 -4.48163073e-01
 -4.53257641e-01
 -4.58551908e-01
 -4.64063932e-01
 -4.69812378e-01
 -4.75816428e-01
 -4.82095815e-01
 -4.88671028e-01
 -4.95563711e-01
 -5.02797294e-01
 -5.10397884e-01
 -5.18395443e-01
 -5.26825290e-01
 -5.35729989e-01
 -5.45161684e-01
 -5.55185017e-01
 -5.65880833e-01
 -5.77350992e-01
 -5.89724831e-01
 -6.03168170e-01
 -6.17896370e-01
 -6.34194124e-01
 -6.52446845e-01
 -6.73193152e-01
 -6.97218260e-01
 -7.25733543e-01
 -7.60759258e-01
 -8.06067566e-01
 -8.70090363e-01
 -9.79478708e-01
 -1.37994631e+00
 -9.78937472e-01
 -8.69008435e-01
 -8.04445983e-01
 -7.58599463e-01
 -7.23037261e-01
 -6.93987345e-01
 -6.69429427e-01
 -6.48151940e-01
 -6.29369338e-01
 -6.12542549e-01
 -5.97285637e-01
 -5.83313351e-01
 -5.70409786e-01
 -5.58408645e-01
 -5.47180211e-01
 -5.36622384e-01
 -5.26654231e-01
 -5.17211185e-01
 -5.08241334e-01
 -4.99702483e-01
 -4.91559780e-01
 -4.83783797e-01
 -4.76348978e-01
 -4.69232408e-01
 -4.62412887e-01
 -4.55870251e-01
 -4.49584951e-01
 -4.43537829e-01
 -4.37710081e-01
 -4.32083360e-01
 -4.26639983e-01
 -4.21363203e-01
 -4.16237497e-01
 -4.11248854e-01
 -4.06384998e-01
 -4.01635554e-01
 -3.96992117e-01
 -3.92448215e-01
 -3.87999189e-01
 -3.83641961e-01
 -3.79374746e-01
 -3.75196696e-01
 -3.71107528e-01
 -3.67107139e-01
 -3.63195262e-01
 -3.59371163e-01
 -3.55633412e-01
 -3.51979741e-01
 -3.48406989e-01
 -3.44911145e-01
 -3.41487464e-01
 -3.38130663e-01
 -3.34835165e-01
 -3.31595363e-01
 -3.28405906e-01
 -3.25261947e-01
 -3.22159366e-01
 -3.19094929e-01
 -3.16066377e-01
 -3.13072445e-01
 -3.10112799e-01
 -3.07187913e-01
 -3.04298881e-01
 -3.01447191e-01
 -2.98634485e-01
 -2.95862304e-01
 -2.93131867e-01
 -2.90443877e-01
 -2.87798385e-01
 -2.85194711e-01
 -2.82631437e-01
 -2.80106458e-01
 -2.77617102e-01
 -2.75160289e-01
 -2.72732729e-01
 -2.70331132e-01
 -2.67952422e-01
 -2.65593925e-01
 -2.63253525e-01
 -2.60929772e-01
 -2.58621932e-01
 -2.56329982e-01
 -2.54054546e-01
 -2.51796774e-01
 -2.49558192e-01
 -2.47340516e-01
 -2.45145460e-01
 -2.42974544e-01
 -2.40828930e-01
 -2.38709289e-01
 -2.36615713e-01
 -2.34547677e-01
 -2.32504062e-01
 -2.30483219e-01
 -2.28483086e-01
 -2.26501333e-01
 -2.24535534e-01
 -2.22583340e-01
 -2.20642648e-01
 -2.18711744e-01
 -2.16789413e-01
 -2.14875008e-01
 -2.12968470e-01
 -2.11070294e-01
 -2.09181456e-01
 -2.07303299e-01
 -2.05437385e-01
 -2.03585342e-01
 -2.01748698e-01
 -1.99928730e-01
 -1.98126338e-01
 -1.96341954e-01
 -1.94575488e-01
 -1.92826325e-01
 -1.91093362e-01
 -1.89375092e-01
 -1.87669715e-01
 -1.85975279e-01
 -1.84289831e-01
 -1.82611563e-01
 -1.80938950e-01
 -1.79270857e-01
 -1.77606621e-01
 -1.75946078e-01
 -1.74289563e-01
 -1.72637858e-01
 -1.70992106e-01
 -1.69353696e-01
 -1.67724127e-01
 -1.66104867e-01
 -1.64497214e-01
 -1.62902173e-01
 -1.61320364e-01
 -1.59751955e-01
 -1.58196646e-01
 -1.56653684e-01
 -1.55121919e-01
 -1.53599896e-01
 -1.52085972e-01
 -1.50578444e-01
 -1.49075686e-01
 -1.47576275e-01
 -1.46079102e-01
 -1.44583455e-01
 -1.43089059e-01
 -1.41596097e-01
 -1.40105172e-01
 -1.38617244e-01
 -1.37133541e-01
 -1.35655437e-01
 -1.34184328e-01
 -1.32721500e-01
 -1.31268018e-01
 -1.29824621e-01
 -1.28391657e-01
 -1.26969050e-01
 -1.25556295e-01
 -1.24152505e-01
 -1.22756473e-01
 -1.21366778e-01
 -1.19981896e-01
 -1.18600323e-01
 -1.17220698e-01
 -1.15841914e-01
 -1.14463198e-01
 -1.13084172e-01
 -1.11704874e-01
 -1.10325748e-01
 -1.08947594e-01
 -1.07571493e-01
 -1.06198705e-01
 -1.04830554e-01
 -1.03468308e-01
 -1.02113066e-01
 -1.00765658e-01
 -9.94265688e-02
 -9.80958944e-02
 -9.67733284e-02
 -9.54581859e-02
 -9.41494579e-02
 -9.28458944e-02
 -9.15461068e-02
 -9.02486825e-02
 -8.89523002e-02
 -8.76558377e-02
 -8.63584616e-02
 -8.50596922e-02
 -8.37594381e-02
 -8.24579966e-02
 -8.11560221e-02
 -7.98544632e-02
 -7.85544755e-02
 -7.72573165e-02
 -7.59642333e-02
 -7.46763507e-02
 -7.33945708e-02
 -7.21194919e-02
 -7.08513544e-02
 -6.95900166e-02
 -6.83349641e-02
 -6.70853510e-02
 -6.58400693e-02
 -6.45978402e-02
 -6.33573206e-02
 -6.21172137e-02
 -6.08763763e-02
 -5.96339120e-02
 -5.83892428e-02
 -5.71421543e-02
 -5.58928080e-02
 -5.46417232e-02
 -5.33897267e-02
 -5.21378775e-02
 -5.08873712e-02
 -4.96394333e-02
 -4.83952102e-02
 -4.71556671e-02
 -4.59215021e-02
 -4.46930832e-02
 -4.34704137e-02
 -4.22531290e-02
 -4.10405257e-02
 -3.98316180e-02
 -3.86252203e-02
 -3.74200450e-02
 -3.62148100e-02
 -3.50083451e-02
 -3.37996883e-02
 -3.25881651e-02
 -3.13734415e-02
 -3.01555493e-02
 -2.89348790e-02
 -2.77121420e-02
 -2.64883061e-02
 -2.52645083e-02
 -2.40419533e-02
 -2.28218074e-02
 -2.16050942e-02
 -2.03926038e-02
 -1.91848222e-02
 -1.79818861e-02
 -1.67835684e-02
 -1.55892947e-02
 -1.43981897e-02
 -1.32091491e-02
 -1.20209312e-02
 -1.08322610e-02
 -9.64193529e-03
 -8.44892378e-03
 -7.25245343e-03
 -6.05207175e-03
 -4.84768220e-03
 -3.63954908e-03
 -2.42827146e-03
 -1.21472837e-03
 -3.70964246e-16
 1.21472837e-03
 2.42827146e-03
 3.63954908e-03
 4.84768220e-03
 6.05207175e-03
 7.25245343e-03
 8.44892378e-03
 9.64193529e-03
 1.08322610e-02
 1.20209312e-02
 1.32091491e-02
 1.43981897e-02
 1.55892947e-02
 1.67835684e-02
 1.79818861e-02
 1.91848222e-02
 2.03926038e-02
 2.16050942e-02
 2.28218074e-02
 2.40419533e-02
 2.52645083e-02
 2.64883061e-02
 2.77121420e-02
 2.89348790e-02
 3.01555493e-02
 3.13734415e-02
 3.25881651e-02
 3.37996883e-02
 3.50083451e-02
 3.62148100e-02
 3.74200450e-02
 3.86252203e-02
 3.98316180e-02
 4.10405257e-02
 4.22531290e-02
 4.34704137e-02
 4.46930832e-02
 4.59215021e-02
 4.71556671e-02
 4.83952102e-02
 4.96394333e-02
 5.08873712e-02
 5.21378775e-02
 5.33897267e-02
 5.46417232e-02
 5.58928080e-02
 5.71421543e-02
 5.83892428e-02
 5.96339120e-02
 6.08763763e-02
 6.21172137e-02
 6.33573206e-02
 6.45978402e-02
 6.58400693e-02
 6.70853510e-02
 6.83349641e-02
 6.95900166e-02
 7.08513544e-02
 7.21194919e-02
 7.33945708e-02
 7.46763507e-02
 7.59642333e-02
 7.72573165e-02
 7.85544755e-02
 7.98544632e-02
 8.11560221e-02
 8.24579966e-02
 8.37594381e-02
 8.50596922e-02
 8.63584616e-02
 8.76558377e-02
 8.89523002e-02
 9.02486825e-02
 9.15461068e-02
 9.28458944e-02
 9.41494579e-02
 9.54581859e-02
 9.67733284e-02
 9.80958944e-02
 9.94265688e-02
 1.00765658e-01
 1.02113066e-01
 1.03468308e-01
 1.04830554e-01
 1.06198705e-01
 1.07571493e-01
 1.08947594e-01
 1.10325748e-01
 1.11704874e-01
 1.13084172e-01
 1.14463198e-01
 1.15841914e-01
 1.17220698e-01
 1.18600323e-01
 1.19981896e-01
 1.21366778e-01
 1.22756473e-01
 1.24152505e-01
 1.25556295e-01
 1.26969050e-01
 1.28391657e-01
 1.29824621e-01
 1.31268018e-01
 1.32721500e-01
 1.34184328e-01
 1.35655437e-01
 1.37133541e-01
 1.38617244e-01
 1.40105172e-01
 1.41596097e-01
 1.43089059e-01
 1.44583455e-01
 1.46079102e-01
 1.47576275e-01
 1.49075686e-01
 1.50578444e-01
 1.52085972e-01
 1.53599896e-01
 1.55121919e-01
 1.56653684e-01
 1.58196646e-01
 1.59751955e-01
 1.61320364e-01
 1.62902173e-01
 1.64497214e-01
 1.66104867e-01
 1.67724127e-01
 1.69353696e-01
 1.70992106e-01
 1.72637858e-01
 1.74289563e-01
 1.75946078e-01
 1.77606621e-01
 1.79270857e-01
 1.80938950e-01
 1.82611563e-01
 1.84289831e-01
 1.85975279e-01
 1.87669715e-01
 1.89375092e-01
 1.91093362e-01
 1.92826325e-01
 1.94575488e-01
 1.96341954e-01
 1.98126338e-01
 1.99928730e-01
 2.01748698e-01
 2.03585342e-01
 2.05437385e-01
 2.07303299e-01
 2.09181456e-01
 2.11070294e-01
 2.12968470e-01
 2.14875008e-01
 2.16789413e-01
 2.18711744e-01
 2.20642648e-01
 2.22583340e-01
 2.24535534e-01
 2.26501333e-01
 2.28483086e-01
 2.30483219e-01
 2.32504062e-01
 2.34547677e-01
 2.36615713e-01
 2.38709289e-01
 2.40828930e-01
 2.42974544e-01
 2.45145460e-01
 2.47340516e-01
 2.49558192e-01
 2.51796774e-01
 2.54054546e-01
 2.56329982e-01
 2.58621932e-01
 2.60929772e-01
 2.63253525e-01
 2.65593925e-01
 2.67952422e-01
 2.70331132e-01
 2.72732729e-01
 2.75160289e-01
 2.77617102e-01
 2.80106458e-01
 2.82631437e-01
 2.85194711e-01
 2.87798385e-01
 2.90443877e-01
 2.93131867e-01
 2.95862304e-01
 2.98634485e-01
 3.01447191e-01
 3.04298881e-01
 3.07187913e-01
 3.10112799e-01
 3.13072445e-01
 3.16066377e-01
 3.19094929e-01
 3.22159366e-01
 3.25261947e-01
 3.28405906e-01
 3.31595363e-01
 3.34835165e-01
 3.38130663e-01
 3.41487464e-01
 3.44911145e-01
 3.48406989e-01
 3.51979741e-01
 3.55633412e-01
 3.59371163e-01
 3.63195262e-01
 3.67107139e-01
 3.71107528e-01
 3.75196696e-01
 3.79374746e-01
 3.83641961e-01
 3.87999189e-01
 3.92448215e-01
 3.96992117e-01
 4.01635554e-01
 4.06384998e-01
 4.11248854e-01
 4.16237497e-01
 4.21363203e-01
 4.26639983e-01
 4.32083360e-01
 4.37710081e-01
 4.43537829e-01
 4.49584951e-01
 4.55870251e-01
 4.62412887e-01
 4.69232408e-01
 4.76348978e-01
 4.83783797e-01
 4.91559780e-01
 4.99702483e-01
 5.08241334e-01
 5.17211185e-01
 5.26654231e-01
 5.36622384e-01
 5.47180211e-01
 5.58408645e-01
 5.70409786e-01
 5.83313351e-01
 5.97285637e-01
 6.12542549e-01
 6.29369338e-01
 6.48151940e-01
 6.69429427e-01
 6.93987345e-01
 7.23037261e-01
 7.58599463e-01
 8.04445983e-01
 8.69008435e-01
 9.78937472e-01
 1.37994631e+00
 9.79478708e-01
 8.70090363e-01
 8.06067566e-01
 7.60759258e-01
 7.25733543e-01
 6.97218260e-01
 6.73193152e-01
 6.52446845e-01
 6.34194124e-01
 6.17896370e-01
 6.03168170e-01
 5.89724831e-01
 5.77350992e-01
 5.65880833e-01
 5.55185017e-01
 5.45161684e-01
 5.35729989e-01
 5.26825290e-01
 5.18395443e-01
 5.10397884e-01
 5.02797294e-01
 4.95563711e-01
 4.88671028e-01
 4.82095815e-01
 4.75816428e-01
 4.69812378e-01
 4.64063932e-01
 4.58551908e-01
 4.53257641e-01
 4.48163073e-01
 4.43250936e-01
 4.38504989e-01
 4.33910265e-01
 4.29453306e-01
 4.25122346e-01
 4.20907428e-01
 4.16800438e-01
 4.12795049e-01
 4.08886577e-01
 4.05071767e-01
 4.01348506e-01
 3.97715506e-01
 3.94171963e-01
 3.90717223e-01
 3.87350482e-01
 3.84070531e-01
 3.80875567e-01
 3.77763087e-01
 3.74729852e-01
 3.71771932e-01
 3.68884827e-01
 3.66063632e-01
 3.63303252e-01
 3.60598632e-01
 3.57944981e-01
 3.55337990e-01
 3.52773995e-01
 3.50250102e-01
 3.47764250e-01
 3.45315210e-01
 3.42902521e-01
 3.40526372e-01
 3.38187450e-01
 3.35886740e-01
 3.33625331e-01
 3.31404214e-01
 3.29224100e-01
 3.27085277e-01
 3.24987508e-01
 3.22929978e-01
 3.20911297e-01
 3.18929555e-01
 3.16982417e-01
 3.15067262e-01
 3.13181338e-01
 3.11321926e-01
 3.09486507e-01
 3.07672902e-01
 3.05879385e-01
 3.04104757e-01
 3.02348378e-01
 3.00610151e-01
 2.98890464e-01
 2.97190095e-01
 2.95510088e-01
 2.93851611e-01
 2.92215812e-01
 2.90603677e-01
 2.89015911e-01
 2.87452846e-01
 2.85914380e-01
 2.84399964e-01
 2.82908617e-01
 2.81438989e-01
 2.79989445e-01
 2.78558179e-01
 2.77143342e-01
 2.75743160e-01
 2.74356061e-01
 2.72980766e-01
 2.71616372e-01
 2.70262381e-01
 2.68918717e-01
 2.67585691e-01
 2.66263945e-01
 2.64954362e-01
 2.63657968e-01
 2.62375815e-01
 2.61108868e-01
 2.59857909e-01
 2.58623448e-01
 2.57405667e-01
 2.56204392e-01
 2.55019092e-01
 2.53848917e-01
 2.52692754e-01
 2.51549312e-01
 2.50417212e-01
 2.49295097e-01
 2.48181722e-01
 2.47076045e-01
 2.45977297e-01
 2.44885025e-01
 2.43799109e-01
 2.42719752e-01
 2.41647445e-01
 2.40582902e-01
 2.39526984e-01
 2.38480609e-01
 2.37444661e-01
 2.36419903e-01
 2.35406899e-01
 2.34405962e-01
 2.33417115e-01
 2.32440086e-01
 2.31474323e-01
 2.30519037e-01
 2.29573259e-01
 2.28635916e-01
 2.27705914e-01
 2.26782225e-01
 2.25863954e-01
 2.24950414e-01
 2.24041166e-01
 2.23136040e-01
 2.22235146e-01
 2.21338841e-01
 2.20447691e-01
 2.19562410e-01
 2.18683791e-01
 2.17812624e-01
 2.16949625e-01
 2.16095365e-01
 2.15250218e-01
 2.14414326e-01
 2.13587579e-01
 2.12769622e-01
 2.11959886e-01
 2.11157625e-01
 2.10361984e-01
 2.09572057e-01
 2.08786969e-01
 2.08005934e-01
 2.07228322e-01
 2.06453699e-01
 2.05681857e-01
 2.04912823e-01
 2.04146848e-01
 2.03384374e-01
 2.02625989e-01
 2.01872374e-01
 2.01124228e-01
 2.00382214e-01
 1.99646888e-01
 1.98918656e-01
 1.98197729e-01
 1.97484108e-01
 1.96777578e-01
 1.96077727e-01
 1.95383978e-01
 1.94695635e-01
 1.94011940e-01
 1.93332134e-01
 1.92655517e-01
 1.91981504e-01
 1.91309667e-01
 1.90639766e-01
 1.89971765e-01
 1.89305824e-01
 1.88642283e-01
 1.87981626e-01
 1.87324431e-01
 1.86671320e-01
 1.86022897e-01
 1.85379698e-01
 1.84742137e-01
 1.84110472e-01
 1.83484780e-01
 1.82864950e-01
 1.82250690e-01
 1.81641551e-01
 1.81036966e-01
 1.80436291e-01
 1.79838865e-01
 1.79244058e-01
 1.78651323e-01
 1.78060241e-01
 1.77470547e-01
 1.76882154e-01
 1.76295149e-01
 1.75709787e-01
 1.75126461e-01
 1.74545663e-01
 1.73967941e-01
 1.73393846e-01
 1.72823885e-01
 1.72258473e-01
 1.71697897e-01
 1.71142288e-01
 1.70591614e-01
 1.70045676e-01
 1.69504129e-01
 1.68966509e-01
 1.68432269e-01
 1.67900828e-01
 1.67371618e-01
 1.66844127e-01
 1.66317944e-01
 1.65792788e-01
 1.65268530e-01
 1.64745199e-01
 1.64222977e-01
 1.63702180e-01
 1.63183224e-01
 1.62666590e-01
 1.62152780e-01
 1.61642269e-01
 1.61135465e-01
 1.60632672e-01
 1.60134063e-01
 1.59639664e-01
 1.59149355e-01
 1.58662872e-01
 1.58179837e-01
 1.57699787e-01
 1.57222209e-01
 1.56746589e-01
 1.56272449e-01
 1.55799389e-01
 1.55327116e-01
 1.54855470e-01
 1.54384430e-01
 1.53914117e-01
 1.53444779e-01
 1.52976767e-01
 1.52510501e-01
 1.52046434e-01
 1.51585012e-01
 1.51126630e-01
 1.50671601e-01
 1.50220129e-01
 1.49772287e-01
 1.49328013e-01
 1.48887116e-01
 1.48449292e-01
 1.48014145e-01
 1.47581226e-01
 1.47150070e-01
 1.46720230e-01
 1.46291318e-01
 1.45863036e-01
 1.45435197e-01
 1.45007741e-01
 1.44580736e-01
 1.44154373e-01
 1.43728941e-01
 1.43304808e-01
 1.42882382e-01
 1.42462076e-01
 1.42044271e-01
 1.41629283e-01
 1.41217338e-01
 1.40808544e-01
 1.40402892e-01
 1.40000250e-01
 1.39600373e-01
 1.39202930e-01
 1.38807528e-01
 1.38413744e-01
 1.38021163e-01
 1.37629412e-01
 1.37238188e-01
 1.36847286e-01
 1.36456612e-01
 1.36066190e-01
 1.35676160e-01
 1.35286759e-01
 1.34898304e-01
 1.34511161e-01
 1.34125711e-01
 1.33742319e-01
 1.33361301e-01
 1.32982894e-01
 1.32607240e-01
 1.32234367e-01
 1.31864195e-01
 1.31496535e-01
 1.31131110e-01
 1.30767575e-01
 1.30405550e-01
 1.30044650e-01
 1.29684516e-01
 1.29324847e-01
 1.28965423e-01
 1.28606122e-01
 1.28246932e-01
 1.27887945e-01
 1.27529352e-01
 1.27171426e-01
 1.26814490e-01
 1.26458897e-01
 1.26104994e-01
 1.25753089e-01
 1.25403431e-01
 1.25056184e-01
 1.24711412e-01
 1.24369075e-01
 1.24029034e-01
 1.23691060e-01
 1.23354854e-01
 1.23020075e-01
 1.22686366e-01
 1.22353384e-01
 1.22020832e-01
 1.21688480e-01
 1.21356183e-01
 1.21023896e-01
 1.20691674e-01
 1.20359664e-01
 1.20028095e-01
 1.19697256e-01
 1.19367467e-01
 1.19039057e-01
 1.18712327e-01
 1.18387530e-01
 1.18064848e-01
 1.17744373e-01
 1.17426103e-01
 1.17109941e-01
 1.16795700e-01
 1.16483126e-01
 1.16171912e-01
 1.15861729e-01
 1.15552253e-01
 1.15243191e-01
 1.14934306e-01
 1.14625436e-01
 1.14316509e-01
 1.14007542e-01
 1.13698648e-01
 1.13390015e-01
 1.13081897e-01
 1.12774584e-01
 1.12468385e-01
 1.12163592e-01
 1.11860460e-01
 1.11559182e-01
 1.11259877e-01
 1.10962572e-01
 1.10667208e-01
 1.10373638e-01
 1.10081645e-01
 1.09790958e-01
 1.09501275e-01
 1.09212290e-01
 1.08923717e-01
 1.08635315e-01
 1.08346909e-01
 1.08058402e-01
 1.07769782e-01
 1.07481126e-01
 1.07192588e-01
 1.06904386e-01
 1.06616785e-01
 1.06330070e-01
 1.06044523e-01
 1.05760398e-01
 1.05477898e-01
 1.05197159e-01
 1.04918237e-01
 1.04641106e-01
 1.04365654e-01
 1.04091701e-01
 1.03819007e-01
 1.03547297e-01
 1.03276283e-01
 1.03005690e-01
 1.02735275e-01
 1.02464851e-01
 1.02194301e-01
 1.01923589e-01
 1.01652759e-01
 1.01381931e-01
 1.01111294e-01
 1.00841083e-01
 1.00571563e-01
 1.00303002e-01
 1.00035652e-01
 9.97697214e-02
 9.95053624e-02
 9.92426545e-02
 9.89815990e-02
 9.87221186e-02
 9.84640644e-02
 9.82072285e-02
 9.79513617e-02
 9.76961953e-02
 9.74414631e-02
 9.71869247e-02
 9.69323851e-02
 9.66777111e-02
 9.64228420e-02
 9.61677940e-02
 9.59126582e-02
 9.56575919e-02
 9.54028046e-02
 9.51485392e-02
 9.48950506e-02
 9.46425839e-02
 9.43913524e-02
 9.41415197e-02
 9.38931854e-02
 9.36463765e-02
 9.34010452e-02
 9.31570731e-02
 9.29142816e-02
 9.26724468e-02
 9.24313192e-02
 9.21906444e-02
 9.19501852e-02
 9.17097412e-02
 9.14691656e-02
 9.12283774e-02
 9.09873675e-02
 9.07461990e-02
 9.05050010e-02
 9.02639571e-02
 9.00232887e-02
 8.97832360e-02
 8.95440367e-02
 8.93059053e-02
 8.90690147e-02
 8.88334812e-02
 8.85993546e-02
 8.83666136e-02
 8.81351684e-02
 8.79048680e-02
 8.76755132e-02
 8.74468738e-02
 8.72187084e-02
 8.69907846e-02
 8.67628988e-02
 8.65348936e-02
 8.63066701e-02
 8.60781968e-02
 8.58495109e-02
 8.56207149e-02
 8.53919674e-02
 8.51634686e-02
 8.49354430e-02
 8.47081195e-02
 8.44817117e-02
 8.42563992e-02
 8.40323122e-02
 8.38095203e-02
 8.35880267e-02
 8.33677677e-02
 8.31486186e-02
 8.29304040e-02
 8.27129135e-02
 8.24959191e-02
 8.22791951e-02
 8.20625368e-02
 8.18457782e-02
 8.16288057e-02
 8.14115672e-02
 8.11940763e-02
 8.09764106e-02
 8.07587046e-02
 8.05411374e-02
 8.03239172e-02
 8.01072629e-02
 7.98913852e-02
 7.96764682e-02
 7.94626534e-02
 7.92500279e-02
 7.90386166e-02
 7.88283803e-02
 7.86192189e-02
 7.84109805e-02
 7.82034742e-02
 7.79964863e-02
 7.77897989e-02
 7.75832083e-02
 7.73765422e-02
 7.71696742e-02
 7.69625343e-02
 7.67551144e-02
 7.65474687e-02
 7.63397084e-02
 7.61319918e-02
 7.59245105e-02
 7.57174723e-02
 7.55110832e-02
 7.53055298e-02
 7.51009627e-02
 7.48974839e-02
 7.46951380e-02
 7.44939083e-02
 7.42937182e-02
 7.40944382e-02
 7.38958970e-02
 7.36978959e-02
 7.35002259e-02
 7.33026860e-02
 7.31050995e-02
 7.29073295e-02
 7.27092903e-02
 7.25109538e-02
 7.23123522e-02
 7.21135748e-02
 7.19147591e-02
 7.17160799e-02
 7.15177328e-02
 7.13199180e-02
 7.11228224e-02
 7.09266037e-02
 7.07313766e-02
 7.05372033e-02
 7.03440877e-02
 7.01519756e-02
 6.99607592e-02
 6.97702863e-02
 6.95803738e-02
 6.93908229e-02
 6.92014365e-02
 6.90120356e-02
 6.88224748e-02
 6.86326544e-02
 6.84425284e-02
 6.82521086e-02
 6.80614628e-02
 6.78707088e-02
 6.76800039e-02
 6.74895311e-02
 6.72994830e-02
 6.71100456e-02
 6.69213813e-02
 6.67336159e-02
 6.65468268e-02
 6.63610373e-02
 6.61762139e-02
 6.59922697e-02
 6.58090718e-02
 6.56264527e-02
 6.54442247e-02
 6.52621961e-02
 6.50801872e-02
 6.48980461e-02
 6.47156609e-02
 6.45329696e-02
 6.43499648e-02
 6.41666942e-02
 6.39832557e-02
 6.37997896e-02
 6.36164652e-02
 6.34334670e-02
 6.32509778e-02
 6.30691635e-02
 6.28881585e-02
 6.27080542e-02
 6.25288911e-02
 6.23506553e-02
 6.21732802e-02
 6.19966516e-02
 6.18206180e-02
 6.16450037e-02
 6.14696234e-02
 6.12942985e-02
 6.11188721e-02
 6.09432222e-02
 6.07672722e-02
 6.05909971e-02
 6.04144252e-02
 6.02376357e-02
 6.00607512e-02
 5.98839272e-02
 5.97073387e-02
 5.95311643e-02
 5.93555714e-02
 5.91807016e-02
 5.90066580e-02
 5.88334971e-02
 5.86612233e-02
 5.84897892e-02
 5.83190992e-02
 5.81490180e-02
 5.79793822e-02
 5.78100145e-02
 5.76407385e-02
 5.74713941e-02
 5.73018510e-02
 5.71320195e-02
 5.69618583e-02
 5.67913776e-02
 5.66206379e-02
 5.64497448e-02
 5.62788394e-02
 5.61080862e-02
 5.59376585e-02
 5.57677236e-02
 5.55984283e-02
 5.54298861e-02
 5.52621678e-02
 5.50952949e-02
 5.49292383e-02
 5.47639205e-02
 5.45992225e-02
 5.44349941e-02
 5.42710665e-02
 5.41072671e-02
 5.39434342e-02
 5.37794305e-02
 5.36151551e-02
 5.34505516e-02
 5.32856132e-02
 5.31203826e-02
 5.29549481e-02
 5.27894363e-02
 5.26240005e-02
 5.24588072e-02
 5.22940226e-02
 5.21297969e-02
 5.19662525e-02
 5.18034728e-02
 5.16414952e-02
 5.14803080e-02
 5.13198515e-02
 5.11600229e-02
 5.10006854e-02
 5.08416801e-02
 5.06828391e-02
 5.05240005e-02
 5.03650218e-02
 5.02057922e-02
 5.00462418e-02
 4.98863476e-02
 4.97261351e-02
 4.95656759e-02
 4.94050816e-02
 4.92444936e-02
 4.90840710e-02
 4.89239768e-02
 4.87643638e-02
 4.86053614e-02
 4.84470642e-02
 4.82895243e-02
 4.81327465e-02
 4.79766882e-02
 4.78212629e-02
 4.76663477e-02
 4.75117940e-02
 4.73574400e-02
 4.72031249e-02
 4.70487024e-02
 4.68940534e-02
 4.67390957e-02
 4.65837913e-02
 4.64281492e-02
 4.62722246e-02
 4.61161139e-02
 4.59599461e-02
 4.58038718e-02
 4.56480500e-02
 4.54926342e-02
 4.53377594e-02
 4.51835301e-02
 4.50300119e-02
 4.48772251e-02
 4.47251436e-02
 4.45736970e-02
 4.44227765e-02
 4.42722447e-02
 4.41219469e-02
 4.39717247e-02
 4.38214294e-02
 4.36709349e-02
 4.35201480e-02
 4.33690170e-02
 4.32175349e-02
 4.30657410e-02
 4.29137165e-02
 4.27615775e-02
 4.26094653e-02
 4.24575335e-02
 4.23059353e-02
 4.21548096e-02
 4.20042698e-02
 4.18543932e-02
 4.17052150e-02
 4.15567250e-02
 4.14088685e-02
 4.12615514e-02
 4.11146476e-02
 4.09680105e-02
 4.08214854e-02
 4.06749227e-02
 4.05281904e-02
 4.03811860e-02
 4.02338447e-02
 4.00861448e-02
 3.99381097e-02
 3.97898055e-02
 3.96413353e-02
 3.94928300e-02
 3.93444372e-02
 3.91963080e-02
 3.90485844e-02
 3.89013867e-02
 3.87548032e-02
 3.86088827e-02
 3.84636304e-02
 3.83190070e-02
 3.81749329e-02
 3.80312943e-02
 3.78879534e-02
 3.77447603e-02
 3.76015654e-02
 3.74582328e-02
 3.73146515e-02
 3.71707448e-02
 3.70264772e-02
 3.68818568e-02
 3.67369347e-02
 3.65918004e-02
 3.64465741e-02
 3.63013961e-02
 3.61564145e-02
 3.60117729e-02
 3.58675972e-02
 3.57239855e-02
 3.55809993e-02
 3.54386582e-02
 3.52969384e-02
 3.51557745e-02
 3.50150655e-02
 3.48746832e-02
 3.47344833e-02
 3.45943179e-02
 3.44540481e-02
 3.43135558e-02
 3.41727537e-02
 3.40315930e-02
 3.38900672e-02
 3.37482126e-02
 3.36061050e-02
 3.34638532e-02
 3.33215893e-02
 3.31794573e-02
 3.30376010e-02
 3.28961510e-02
 3.27552137e-02
 3.26148623e-02
 3.24751301e-02
 3.23360082e-02
 3.21974456e-02
 3.20593543e-02
 3.19216165e-02
 3.17840945e-02
 3.16466431e-02
 3.15091217e-02
 3.13714063e-02
 3.12334003e-02
 3.10950424e-02
 3.09563121e-02
 3.08172311e-02
 3.06778614e-02
 3.05382998e-02
 3.03986696e-02
 3.02591097e-02
 3.01197627e-02
 2.99807625e-02
 2.98422229e-02
 2.97042276e-02
 2.95668229e-02
 2.94300142e-02
 2.92937650e-02
 2.91580004e-02
 2.90226135e-02
 2.88874743e-02
 2.87524414e-02
 2.86173736e-02
 2.84821423e-02
 2.83466426e-02
 2.82108018e-02
 2.80745860e-02
 2.79380025e-02
 2.78010995e-02
 2.76639616e-02
 2.75267024e-02
 2.73894545e-02
 2.72523585e-02
 2.71155503e-02
 2.69791497e-02
 2.68432499e-02
 2.67079096e-02
 2.65731477e-02
 2.64389422e-02
 2.63052315e-02
 2.61719199e-02
 2.60388862e-02
 2.59059935e-02
 2.57731016e-02
 2.56400783e-02
 2.55068115e-02
 2.53732180e-02
 2.52392512e-02
 2.51049047e-02
 2.49702127e-02
 2.48352470e-02
 2.47001111e-02
 2.45649305e-02
 2.44298425e-02
 2.42949839e-02
 2.41604792e-02
 2.40264302e-02
 2.38929069e-02
 2.37599415e-02
 2.36275259e-02
 2.34956119e-02
 2.33641159e-02
 2.32329257e-02
 2.31019103e-02
 2.29709313e-02
 2.28398543e-02
 2.27085610e-02
 2.25769589e-02
 2.24449893e-02
 2.23126323e-02
 2.21799084e-02
 2.20468767e-02
 2.19136295e-02
 2.17802845e-02
 2.16469747e-02
 2.15138364e-02
 2.13809981e-02
 2.12485689e-02
 2.11166291e-02
 2.09852236e-02
 2.08543579e-02
 2.07239973e-02
 2.05940706e-02
 2.04644754e-02
 2.03350875e-02
 2.02057712e-02
 2.00763913e-02
 1.99468244e-02
 1.98169694e-02
 1.96867566e-02
 1.95561531e-02
 1.94251658e-02
 1.92938406e-02
 1.91622585e-02
 1.90305286e-02
 1.88987784e-02
 1.87671429e-02
 1.86357530e-02
 1.85047241e-02
 1.83741462e-02
 1.82440759e-02
 1.81145321e-02
 1.79854936e-02
 1.78569017e-02
 1.77286645e-02
 1.76006654e-02
 1.74727728e-02
 1.73448514e-02
 1.72167740e-02
 1.70884321e-02
 1.69597455e-02
 1.68306689e-02
 1.67011959e-02
 1.65713593e-02
 1.64412282e-02
 1.63109022e-02
 1.61805026e-02
 1.60501618e-02
 1.59200122e-02
 1.57901742e-02
 1.56607465e-02
 1.55317971e-02
 1.54033574e-02
 1.52754198e-02
 1.51479383e-02
 1.50208321e-02
 1.48939929e-02
 1.47672942e-02
 1.46406018e-02
 1.45137857e-02
 1.43867312e-02
 1.42593484e-02
 1.41315802e-02
 1.40034072e-02
 1.38748488e-02
 1.37459622e-02
 1.36168368e-02
 1.34875867e-02
 1.33583406e-02
 1.32292313e-02
 1.31003834e-02
 1.29719029e-02
 1.28438685e-02
 1.27163238e-02
 1.25892746e-02
 1.24626876e-02
 1.23364937e-02
 1.22105937e-02
 1.20848670e-02
 1.19591816e-02
 1.18334061e-02
 1.17074201e-02
 1.15811254e-02
 1.14544536e-02
 1.13273724e-02
 1.11998884e-02
 1.10720461e-02
 1.09439242e-02
 1.08156288e-02
 1.06872842e-02
 1.05590220e-02
 1.04309701e-02
 1.03032410e-02
 1.01759229e-02
 1.00490715e-02
 9.92270527e-03
 9.79680413e-03
 9.67131082e-03
 9.54613599e-03
 9.42116583e-03
 9.29627184e-03
 9.17132185e-03
 9.04619138e-03
 8.92077428e-03
 8.79499186e-03
 8.66879958e-03
 8.54219084e-03
 8.41519750e-03
 8.28788706e-03
 8.16035682e-03
 8.03272543e-03
 7.90512267e-03
 7.77767817e-03
 7.65051027e-03
 7.52371577e-03
 7.39736160e-03
 7.27147899e-03
 7.14606078e-03
 7.02106203e-03
 6.89640382e-03
 6.77198007e-03
 6.64766660e-03
 6.52333183e-03
 6.39884802e-03
 6.27410226e-03
 6.14900617e-03
 6.02350339e-03
 5.89757446e-03
 5.77123839e-03
 5.64455100e-03
 5.51760006e-03
 5.39049770e-03
 5.26337069e-03
 5.13634948e-03
 5.00955697e-03
 4.88309786e-03
 4.75704961e-03
 4.63145577e-03
 4.50632214e-03
 4.38161632e-03
 4.25727041e-03
 4.13318685e-03
 4.00924680e-03
 3.88532030e-03
 3.76127747e-03
 3.63699961e-03
 3.51238941e-03
 3.38737928e-03
 3.26193710e-03
 3.13606899e-03
 3.00981868e-03
 2.88326374e-03
 2.75650887e-03
 2.62967681e-03
 2.50289774e-03
 2.37629805e-03
 2.24998943e-03
 2.12405918e-03
 1.99856270e-03
 1.87351867e-03
 1.74890740e-03
 1.62467251e-03
 1.50072574e-03
 1.37695451e-03
 1.25323159e-03
 1.12942601e-03
 1.00541429e-03
 8.81091042e-04
 7.56378018e-04
 6.31230784e-04
 5.05642517e-04
 3.79644557e-04
 2.53303668e-04
 1.26716249e-04
 4.28115664e-16
